     0/299     4.04G   0.09865    0.5733         0     0.672      2421       640    0.5887     0.562    0.5288    0.1883   0.07502    0.6516         0
     1/299     1.95G   0.07287    0.6277         0    0.7006      1697       640    0.8045    0.6914     0.735    0.3267   0.06512    0.5747         0
     2/299     1.96G   0.06602    0.6077         0    0.6737      2048       640    0.8597     0.704     0.767     0.381   0.06106    0.5635         0
     3/299     1.96G   0.06282     0.604         0    0.6668      2584       640    0.8807    0.7322    0.7877    0.3983   0.05784    0.5705         0
     4/299     1.96G   0.06065    0.5912         0    0.6519      2180       640    0.8738    0.7658    0.8072    0.4227    0.0562    0.5672         0
     5/299     1.96G   0.05926    0.5842         0    0.6434      1437       640    0.8879    0.7726    0.8197    0.4362   0.05515    0.5548         0
     6/299     1.96G   0.05787    0.5843         0    0.6421      2083       640    0.8853    0.7682    0.8135    0.4356   0.05541    0.5579         0
     7/299     1.96G   0.05767    0.5811         0    0.6388      2224       640    0.8906    0.7878    0.8264    0.4531   0.05398    0.5527         0
     8/299     1.96G   0.05639    0.5763         0    0.6327      2466       640    0.8802    0.7707    0.8155    0.4472   0.05547    0.5591         0
     9/299     1.96G   0.05576    0.5665         0    0.6222      2339       640    0.9089    0.7823    0.8299    0.4694   0.05296    0.5404         0
    10/299     1.96G   0.05563    0.5617         0    0.6173      2292       640     0.902    0.8006    0.8446    0.4799   0.05224    0.5339         0
    11/299     1.96G   0.05473    0.5562         0    0.6109      2272       640    0.9038    0.8089    0.8488    0.4904   0.05162    0.5291         0
    12/299     1.96G    0.0546    0.5523         0    0.6069      2166       640    0.9204    0.7844    0.8384    0.4887   0.05149    0.5269         0
    13/299     1.96G   0.05432    0.5537         0     0.608      3258       640    0.9104    0.7989     0.844    0.4878   0.05137    0.5269         0
    14/299     1.96G   0.05415    0.5503         0    0.6045      2651       640    0.9084     0.806    0.8503    0.4935   0.05137    0.5261         0
    15/299     1.96G   0.05379    0.5516         0    0.6054      2362       640    0.9177    0.8033    0.8509    0.4995   0.05088    0.5206         0
    16/299     1.96G   0.05387    0.5462         0    0.6001      2064       640    0.9129    0.8085    0.8504    0.4982   0.05089    0.5226         0
    17/299     1.96G    0.0538    0.5461         0    0.5999      2164       640    0.9167    0.8027    0.8497    0.4986   0.05085     0.522         0
    18/299     1.96G   0.05292    0.5506         0    0.6036      2350       640     0.919    0.8034    0.8527    0.5009   0.05067    0.5212         0
    19/299     1.96G   0.05364    0.5457         0    0.5993      2388       640    0.9149    0.8094    0.8575    0.5032   0.05061    0.5195         0
    20/299     1.96G   0.05371    0.5513         0     0.605      2496       640     0.929     0.796    0.8525    0.5042   0.05036    0.5169         0
    21/299     1.96G   0.05275    0.5401         0    0.5929      2835       640      0.92    0.8072    0.8521    0.5031   0.05042    0.5167         0
    22/299     1.96G   0.05306     0.549         0    0.6021      1801       640    0.9179    0.8073    0.8495    0.5008   0.05052    0.5182         0
    23/299     1.96G   0.05267    0.5443         0     0.597      2521       640    0.9236    0.8076    0.8559    0.5059   0.05031    0.5164         0
    24/299     1.96G   0.05258    0.5406         0    0.5932      2244       640    0.9219     0.815    0.8599    0.5107   0.04998    0.5142         0
    25/299     1.96G   0.05239    0.5398         0    0.5922      2527       640    0.9238    0.8142    0.8615    0.5132    0.0499    0.5132         0
    26/299     1.96G   0.05242    0.5352         0    0.5877      1684       640     0.921    0.8209    0.8639    0.5137   0.04994    0.5134         0
    27/299     1.96G   0.05284    0.5463         0    0.5992      2359       640    0.9196    0.8189    0.8613    0.5135   0.04981    0.5137         0
    28/299     1.96G   0.05204    0.5282         0    0.5803      3102       640    0.9099    0.8298    0.8672    0.5137   0.05005    0.5162         0
    29/299     1.96G   0.05219     0.537         0    0.5892      2747       640    0.9198    0.8224    0.8637    0.5132   0.04977     0.513         0
    30/299     1.96G   0.05243    0.5409         0    0.5933      2388       640    0.9208    0.8219    0.8654    0.5174    0.0498    0.5125         0
    31/299     1.96G   0.05216    0.5381         0    0.5902      2360       640    0.9238    0.8193    0.8619    0.5151   0.04965    0.5107         0
    32/299     1.96G   0.05187    0.5399         0    0.5917      2080       640    0.9216      0.82    0.8634    0.5152   0.04959    0.5125         0
    33/299     1.96G   0.05203    0.5337         0    0.5857      1718       640    0.9218    0.8222    0.8651    0.5172   0.04961    0.5124         0
    34/299     1.96G   0.05181    0.5352         0    0.5871      2379       640    0.9198    0.8256    0.8652    0.5179   0.04946    0.5116         0
    35/299     1.96G   0.05184    0.5291         0     0.581      1978       640    0.9244    0.8189    0.8641     0.517   0.04957    0.5114         0
    36/299     1.96G   0.05203    0.5345         0    0.5865      2182       640    0.9216    0.8249    0.8642    0.5166   0.04943    0.5109         0
    37/299     1.96G    0.0521    0.5388         0    0.5909      2593       640    0.9239    0.8197    0.8632    0.5175   0.04938    0.5104         0
    38/299     1.96G   0.05211    0.5339         0     0.586      2833       640     0.925    0.8232    0.8641    0.5196   0.04926    0.5079         0
    39/299     1.96G   0.05241    0.5373         0    0.5897      1783       640    0.9223    0.8266    0.8684    0.5205   0.04938    0.5103         0
    40/299     1.96G   0.05205    0.5308         0    0.5829      1781       640     0.926     0.823     0.866    0.5195   0.04933    0.5096         0
    41/299     1.96G   0.05158    0.5351         0    0.5867      1823       640    0.9223    0.8301    0.8698    0.5225   0.04926     0.509         0
    42/299     1.96G   0.05205    0.5373         0    0.5894      2779       640     0.925    0.8278    0.8682    0.5221   0.04923    0.5091         0
    43/299     1.96G   0.05145    0.5289         0    0.5804      2438       640    0.9253    0.8231     0.866    0.5211   0.04924     0.508         0
    44/299     1.96G   0.05196    0.5328         0    0.5848      2913       640    0.9231    0.8284    0.8679    0.5235   0.04909     0.508         0
    45/299     1.96G   0.05172    0.5324         0    0.5842      2385       640    0.9245    0.8246    0.8644    0.5216   0.04917    0.5079         0
    46/299     1.96G   0.05192    0.5281         0      0.58      1560       640    0.9244    0.8283    0.8687    0.5242   0.04904    0.5079         0
    47/299     1.96G   0.05168    0.5322         0    0.5839      2323       640    0.9224    0.8332    0.8701    0.5244   0.04906    0.5081         0
    48/299     1.96G   0.05195    0.5347         0    0.5867      2532       640    0.9221    0.8329    0.8693    0.5249   0.04897    0.5073         0
    49/299     1.93G   0.05176    0.5348         0    0.5866      2421       640    0.9205    0.8341    0.8693    0.5245   0.04902    0.5076         0
    50/299     1.98G    0.0517    0.5292         0    0.5809      1592       640    0.9225    0.8319    0.8685    0.5244   0.04897    0.5075         0
    51/299     1.98G   0.05128    0.5288         0    0.5801      2176       640    0.9233    0.8309    0.8689    0.5259   0.04885     0.506         0
    52/299     1.98G   0.05161    0.5329         0    0.5845      2512       640     0.919    0.8374    0.8732    0.5266   0.04893    0.5066         0
    53/299     1.98G   0.05148    0.5236         0    0.5751      2164       640    0.9236    0.8319    0.8704    0.5264   0.04883    0.5059         0
    54/299     1.98G    0.0513    0.5271         0    0.5784      1477       640    0.9267    0.8284    0.8686    0.5254   0.04885    0.5063         0
    55/299     1.98G   0.05095    0.5322         0    0.5832      2428       640    0.9245    0.8318     0.869    0.5258   0.04885    0.5058         0
    56/299     1.98G   0.05183    0.5303         0    0.5821      2265       640    0.9223    0.8333    0.8706    0.5269   0.04882    0.5058         0
    57/299     1.98G   0.05134    0.5318         0    0.5832      2330       640    0.9297     0.828    0.8704    0.5274   0.04875    0.5051         0
    58/299     1.98G   0.05128    0.5286         0    0.5798      2479       640    0.9216    0.8343    0.8716    0.5286    0.0487     0.505         0
    59/299     1.98G   0.05176    0.5281         0    0.5799      2471       640    0.9243    0.8352    0.8725    0.5284   0.04872    0.5049         0
    60/299     1.98G    0.0511    0.5258         0    0.5769      2218       640    0.9227    0.8354    0.8727    0.5286    0.0487    0.5051         0
    61/299     1.98G   0.05112    0.5255         0    0.5766      2122       640    0.9244    0.8375    0.8738    0.5297    0.0486    0.5045         0
    62/299     1.98G   0.05125    0.5251         0    0.5764      3195       640    0.9266    0.8308    0.8702    0.5281   0.04869    0.5053         0
    63/299     1.98G    0.0513    0.5243         0    0.5756      2586       640    0.9279    0.8321    0.8724    0.5292   0.04862    0.5049         0
    64/299     1.98G   0.05121    0.5266         0    0.5778      2489       640    0.9234    0.8386     0.875    0.5304    0.0486    0.5051         0
    65/299     1.98G   0.05118    0.5203         0    0.5715      1917       640    0.9235    0.8365    0.8731    0.5303   0.04859    0.5047         0
    66/299     1.98G   0.05111    0.5202         0    0.5713      2305       640     0.924    0.8364    0.8739    0.5309   0.04857    0.5045         0
    67/299     1.98G   0.05062     0.527         0    0.5776      2423       640    0.9233    0.8365    0.8733    0.5306   0.04861     0.505         0
    68/299     1.98G   0.05149     0.527         0    0.5785      2412       640    0.9223    0.8382    0.8733    0.5307   0.04856    0.5045         0
    69/299     1.98G   0.05158    0.5319         0    0.5834      2457       640    0.9212    0.8392    0.8731    0.5302   0.04857    0.5055         0
    70/299     1.98G   0.05095    0.5233         0    0.5742      2869       640    0.9242    0.8384    0.8747    0.5315   0.04851    0.5052         0
    71/299     1.98G   0.05122     0.529         0    0.5802      1900       640    0.9252    0.8386    0.8741    0.5316   0.04849    0.5045         0
    72/299     1.98G   0.05072    0.5255         0    0.5763      2423       640    0.9235    0.8397    0.8742    0.5321   0.04846    0.5042         0
    73/299     1.98G   0.05081    0.5215         0    0.5723      2178       640    0.9236    0.8382    0.8729    0.5316   0.04844    0.5039         0
    74/299     1.98G   0.05065    0.5179         0    0.5686      2479       640    0.9235    0.8389    0.8733    0.5317   0.04842    0.5039         0
    75/299     1.98G   0.05116     0.522         0    0.5732      1700       640     0.923    0.8408    0.8749    0.5327   0.04843    0.5042         0
    76/299     1.98G   0.05105    0.5324         0    0.5835      2432       640    0.9195    0.8429     0.875    0.5327   0.04845    0.5042         0
    77/299     1.98G   0.05052    0.5142         0    0.5647      3013       640    0.9237    0.8402    0.8752    0.5328   0.04845    0.5044         0
    78/299     1.98G    0.0509    0.5204         0    0.5714      2733       640    0.9255    0.8382    0.8742    0.5321   0.04846    0.5045         0
    79/299     1.98G   0.05088    0.5279         0    0.5787      2342       640    0.9224    0.8408    0.8743    0.5322   0.04844     0.504         0
    80/299     1.98G   0.05062    0.5231         0    0.5737      2379       640    0.9237    0.8393     0.874    0.5322   0.04842    0.5038         0
    81/299     1.98G   0.05034    0.5216         0     0.572      2040       640    0.9249    0.8391    0.8744    0.5325   0.04843     0.504         0
    82/299     1.98G   0.05088    0.5188         0    0.5697      1714       640    0.9225    0.8407     0.875    0.5328   0.04841    0.5043         0
    83/299     1.98G   0.05044    0.5212         0    0.5716      2265       640    0.9237    0.8403     0.875    0.5334   0.04838     0.504         0
    84/299     1.98G   0.05059    0.5174         0     0.568      2130       640    0.9227    0.8411    0.8752    0.5336   0.04839    0.5038         0
    85/299     1.98G   0.05085    0.5199         0    0.5708      2315       640    0.9238    0.8406    0.8754    0.5337    0.0484     0.504         0
    86/299     1.98G   0.05091    0.5247         0    0.5756      2395       640    0.9231    0.8417    0.8755    0.5339   0.04835    0.5039         0
    87/299     1.98G    0.0505     0.521         0    0.5715      2973       640    0.9239    0.8411    0.8756     0.534   0.04834    0.5036         0
    88/299     1.98G   0.05097    0.5188         0    0.5698      2005       640    0.9235    0.8421    0.8758    0.5342   0.04834    0.5037         0
    89/299     1.98G   0.05083    0.5218         0    0.5727      1879       640    0.9255    0.8397    0.8759    0.5346   0.04833    0.5036         0
    90/299     1.98G   0.05043     0.522         0    0.5725      1837       640    0.9262    0.8403    0.8762    0.5347   0.04834    0.5038         0
    91/299     1.98G   0.05088    0.5263         0    0.5772      2841       640    0.9265    0.8406    0.8769    0.5349   0.04835    0.5039         0
    92/299     1.98G   0.05031    0.5176         0    0.5679      2410       640    0.9253    0.8415    0.8765    0.5346   0.04834    0.5039         0
    93/299     1.98G   0.05096    0.5207         0    0.5717      3175       640    0.9246    0.8425    0.8768    0.5352   0.04833    0.5038         0
    94/299     1.98G   0.05035    0.5184         0    0.5688      2198       640    0.9258    0.8416    0.8765    0.5347   0.04834    0.5038         0
    95/299     1.98G   0.05031    0.5118         0    0.5621      1556       640    0.9229    0.8439    0.8763    0.5349   0.04833    0.5038         0
    96/299     1.98G   0.05059    0.5189         0    0.5695      2357       640    0.9236    0.8441    0.8768    0.5352   0.04831    0.5036         0
    97/299     1.98G   0.05108    0.5226         0    0.5737      2642       640    0.9245    0.8437    0.8771    0.5355    0.0483    0.5036         0
    98/299     1.98G   0.05027     0.524         0    0.5743      1896       640    0.9241    0.8441    0.8773    0.5358   0.04829    0.5036         0
    99/299     1.98G   0.05023    0.5173         0    0.5675      2366       640    0.9243    0.8436    0.8773    0.5357   0.04828    0.5036         0
   100/299     1.98G   0.05048    0.5166         0    0.5671      2338       640     0.924    0.8438    0.8772     0.536   0.04827    0.5035         0
   101/299     1.98G   0.05034    0.5208         0    0.5711      2030       640    0.9245    0.8441    0.8771    0.5361   0.04825    0.5034         0
   102/299     1.98G   0.05067    0.5169         0    0.5676      2316       640    0.9244     0.844    0.8772    0.5362   0.04824    0.5033         0
   103/299     1.98G   0.05027    0.5105         0    0.5608      1916       640     0.924    0.8442    0.8774     0.536   0.04823    0.5032         0
   104/299     1.98G   0.05101    0.5187         0    0.5697      3025       640    0.9233    0.8446    0.8774    0.5359   0.04823    0.5032         0
   105/299     1.98G   0.04994    0.5114         0    0.5613      2442       640    0.9229    0.8446    0.8771    0.5359   0.04823    0.5032         0
   106/299     1.98G   0.05064    0.5171         0    0.5678      1658       640    0.9229    0.8446    0.8774    0.5361   0.04822    0.5032         0
   107/299     1.98G   0.05028    0.5148         0    0.5651      2757       640    0.9238    0.8438    0.8772     0.536   0.04822    0.5032         0
   108/299     1.98G   0.05006    0.5116         0    0.5616      1791       640    0.9223    0.8456    0.8773    0.5359   0.04822    0.5031         0
   109/299     1.98G   0.05026    0.5161         0    0.5664      3190       640    0.9221    0.8458    0.8775    0.5361   0.04821     0.503         0
   110/299     1.98G   0.05026    0.5173         0    0.5676      2849       640     0.922    0.8458    0.8773    0.5362   0.04821     0.503         0
   111/299     1.98G   0.05017    0.5212         0    0.5714      2255       640    0.9239    0.8443    0.8771    0.5362    0.0482    0.5029         0
   112/299     1.98G   0.05007    0.5115         0    0.5616      2232       640    0.9236    0.8447    0.8771    0.5361    0.0482     0.503         0
   113/299     1.98G   0.05027    0.5091         0    0.5594      2659       640    0.9253    0.8434    0.8771    0.5362   0.04819     0.503         0
   114/299     1.98G   0.05002      0.52         0      0.57      1935       640    0.9248    0.8441     0.877    0.5363   0.04818     0.503         0
   115/299     1.98G   0.05026    0.5167         0    0.5669      1923       640    0.9241    0.8447    0.8773    0.5364   0.04817     0.503         0
   116/299     1.98G   0.05034    0.5139         0    0.5642      2332       640    0.9242    0.8447    0.8774    0.5366   0.04817     0.503         0
   117/299     1.98G   0.04955    0.5074         0    0.5569      2132       640    0.9236     0.845    0.8772    0.5365   0.04817     0.503         0
   118/299     1.98G   0.05042    0.5173         0    0.5677      2221       640     0.924    0.8449    0.8771    0.5365   0.04817     0.503         0
   119/299     1.98G    0.0503    0.5108         0    0.5611      3093       640    0.9231    0.8456    0.8772    0.5365   0.04817    0.5031         0
   120/299     1.98G   0.05027    0.5111         0    0.5614      2345       640    0.9231    0.8455     0.877    0.5366   0.04816    0.5031         0
   121/299     1.98G   0.05006    0.5174         0    0.5674      2378       640    0.9275    0.8419    0.8769    0.5366   0.04817    0.5031         0
   122/299     1.98G   0.05014    0.5077         0    0.5578      2108       640    0.9275    0.8419     0.877    0.5367   0.04817    0.5032         0
   123/299     1.98G   0.05003     0.517         0    0.5671      2294       640    0.9247    0.8442    0.8767    0.5366   0.04817    0.5032         0
   124/299     1.98G    0.0502    0.5173         0    0.5675      2716       640     0.925    0.8438    0.8767    0.5366   0.04817    0.5032         0
   125/299     1.98G    0.0503    0.5201         0    0.5704      3160       640    0.9246    0.8442    0.8767    0.5366   0.04817    0.5032         0
   126/299     1.98G   0.05044    0.5148         0    0.5653      2457       640    0.9242    0.8445    0.8767    0.5365   0.04817    0.5032         0
   127/299     1.98G   0.04966     0.516         0    0.5657      2088       640    0.9239    0.8449    0.8768    0.5365   0.04816    0.5033         0
   128/299     1.98G   0.04925    0.4997         0     0.549      1853       640    0.9239    0.8446    0.8765    0.5365   0.04816    0.5033         0
   129/299     1.98G   0.05026    0.5113         0    0.5616      3010       640    0.9252    0.8437    0.8766    0.5364   0.04816    0.5032         0
   130/299     1.98G      0.05    0.5185         0    0.5685      2321       640    0.9253    0.8439    0.8765    0.5365   0.04816    0.5032         0
   131/299     1.98G   0.05033    0.5148         0    0.5652      2041       640    0.9255    0.8439    0.8765    0.5365   0.04816    0.5033         0
   132/299     1.98G   0.05007    0.5045         0    0.5545      1968       640     0.926    0.8435    0.8765    0.5365   0.04815    0.5033         0
   133/299     1.98G   0.05005    0.5149         0     0.565      1978       640    0.9261    0.8436    0.8766    0.5365   0.04816    0.5033         0
   134/299     1.98G   0.04984    0.5086         0    0.5584      2023       640    0.9252    0.8443    0.8766    0.5366   0.04815    0.5034         0
   135/299     1.98G   0.04951    0.5034         0    0.5529      2521       640    0.9252    0.8446    0.8767    0.5366   0.04815    0.5034         0
   136/299     1.98G   0.04991    0.5112         0    0.5611      2396       640     0.925    0.8448    0.8768    0.5366   0.04815    0.5034         0
   137/299     1.98G   0.05011    0.5131         0    0.5632      2224       640    0.9253    0.8445    0.8767    0.5367   0.04815    0.5034         0
   138/299     1.98G   0.04975    0.5137         0    0.5634      2325       640    0.9258    0.8443    0.8766    0.5366   0.04815    0.5034         0
   139/299     1.98G   0.04975    0.5187         0    0.5684      1895       640    0.9264    0.8441    0.8767    0.5367   0.04815    0.5034         0
   140/299     1.98G   0.04999    0.5107         0    0.5607      2579       640    0.9263     0.844    0.8765    0.5366   0.04815    0.5035         0
   141/299     1.98G   0.05008    0.5114         0    0.5615      1948       640    0.9255    0.8447    0.8766    0.5366   0.04815    0.5035         0
   142/299     1.98G   0.04943    0.5131         0    0.5625      2202       640    0.9257    0.8445    0.8767    0.5366   0.04815    0.5035         0
   143/299     1.98G   0.04979    0.5152         0     0.565      2333       640    0.9255    0.8446    0.8766    0.5365   0.04815    0.5035         0
   144/299     1.98G   0.04945    0.5059         0    0.5553      2166       640     0.926     0.844    0.8767    0.5366   0.04814    0.5035         0
   145/299     1.98G   0.05009    0.5115         0    0.5616      1751       640    0.9252    0.8448    0.8767    0.5365   0.04814    0.5035         0
   146/299     1.98G    0.0498    0.5116         0    0.5614      1742       640    0.9256    0.8444    0.8766    0.5366   0.04814    0.5036         0
   147/299     1.98G   0.04995    0.5092         0    0.5591      2384       640     0.926    0.8442    0.8767    0.5366   0.04814    0.5036         0
   148/299     1.98G   0.04962    0.5071         0    0.5568      2015       640    0.9264    0.8438    0.8766    0.5366   0.04814    0.5036         0
   149/299     1.98G     0.049    0.4965         0    0.5455      3021       640     0.926    0.8443    0.8766    0.5366   0.04814    0.5036         0
   150/299     1.98G   0.04967    0.5085         0    0.5582      2623       640    0.9266    0.8437    0.8767    0.5366   0.04814    0.5036         0
   151/299     1.98G   0.04946     0.506         0    0.5555      2750       640    0.9248    0.8451    0.8767    0.5366   0.04814    0.5035         0
   152/299     1.98G   0.04935    0.5055         0    0.5548      1887       640    0.9261    0.8441    0.8767    0.5365   0.04814    0.5036         0
   153/299     1.98G   0.05004    0.5134         0    0.5634      2633       640     0.927    0.8433    0.8767    0.5365   0.04814    0.5035         0
   154/299     1.98G   0.04944    0.5079         0    0.5574      2228       640    0.9256    0.8445    0.8766    0.5364   0.04814    0.5036         0
   155/299     1.98G   0.04979    0.5062         0     0.556      2329       640    0.9254    0.8447    0.8766    0.5365   0.04813    0.5035         0
   156/299     1.98G   0.04977    0.5085         0    0.5583      2431       640    0.9258    0.8443    0.8766    0.5365   0.04813    0.5035         0
   157/299     1.98G   0.04948    0.5032         0    0.5527      2249       640     0.928    0.8425    0.8766    0.5365   0.04813    0.5036         0
   158/299     1.98G   0.04943    0.5054         0    0.5548      2093       640    0.9257    0.8444    0.8767    0.5365   0.04813    0.5036         0
   159/299     1.98G    0.0498     0.511         0    0.5608      2332       640    0.9252    0.8449    0.8767    0.5365   0.04813    0.5036         0
   160/299     1.98G   0.04961    0.5054         0     0.555      1859       640    0.9268    0.8437    0.8767    0.5365   0.04813    0.5036         0
   161/299     1.98G   0.04963    0.5036         0    0.5532      2443       640    0.9248    0.8452    0.8767    0.5366   0.04813    0.5036         0
   162/299     1.98G   0.04877     0.502         0    0.5508      2036       640    0.9265    0.8439    0.8767    0.5366   0.04813    0.5036         0
   163/299     1.98G   0.04907    0.4961         0    0.5452      2633       640    0.9254    0.8449    0.8767    0.5366   0.04813    0.5036         0
   164/299     1.98G   0.04915    0.5027         0    0.5519      2351       640    0.9263    0.8442    0.8767    0.5365   0.04813    0.5037         0
   165/299     1.98G   0.04873    0.4956         0    0.5444      2447       640    0.9256    0.8448    0.8767    0.5366   0.04813    0.5037         0
   166/299     1.98G   0.05005    0.5123         0    0.5624      3003       640    0.9257    0.8447    0.8767    0.5366   0.04813    0.5037         0
   167/299     1.98G   0.05007    0.5167         0    0.5668      2683       640    0.9257    0.8447    0.8767    0.5365   0.04813    0.5037         0
   168/299     1.98G   0.04952    0.5049         0    0.5545      2068       640    0.9257    0.8447    0.8768    0.5365   0.04813    0.5038         0
   169/299     1.98G   0.04944    0.5055         0     0.555      2906       640    0.9257    0.8446    0.8768    0.5365   0.04813    0.5038         0
   170/299     1.98G   0.04964    0.5041         0    0.5537      2308       640    0.9253    0.8449    0.8767    0.5365   0.04813    0.5038         0
   171/299     1.98G   0.04946    0.5031         0    0.5525      2471       640    0.9242    0.8458    0.8767    0.5364   0.04813    0.5038         0
   172/299     1.98G   0.04997    0.5033         0    0.5532      2664       640     0.923    0.8467    0.8767    0.5364   0.04813    0.5039         0
   173/299     1.98G   0.04989    0.5065         0    0.5564      1889       640     0.925    0.8452    0.8767    0.5364   0.04813    0.5039         0
   174/299     1.98G   0.04922    0.5039         0    0.5531      2742       640     0.925    0.8452    0.8767    0.5364   0.04813    0.5039         0
   175/299     1.98G   0.04927     0.509         0    0.5583      2328       640    0.9253    0.8448    0.8767    0.5364   0.04812    0.5039         0
   176/299     1.98G   0.04931    0.4982         0    0.5475      1379       640    0.9251    0.8452    0.8767    0.5364   0.04812     0.504         0
   177/299     1.98G   0.04921    0.4984         0    0.5476      2286       640     0.926    0.8444    0.8766    0.5364   0.04812     0.504         0
   178/299     1.98G   0.04919    0.5029         0    0.5521      2512       640    0.9259    0.8447    0.8767    0.5365   0.04812     0.504         0
   179/299     1.98G   0.04995    0.5074         0    0.5573      2264       640     0.926    0.8446    0.8766    0.5364   0.04812     0.504         0
   180/299     1.98G   0.04909     0.497         0    0.5461      2223       640    0.9261    0.8443    0.8766    0.5364   0.04812    0.5041         0
   181/299     1.98G   0.04875    0.4924         0    0.5411      1469       640    0.9258    0.8445    0.8766    0.5364   0.04812    0.5041         0
   182/299     1.98G   0.04907    0.5017         0    0.5508      1285       640    0.9258    0.8445    0.8766    0.5364   0.04812    0.5041         0
   183/299     1.98G   0.04909    0.5018         0    0.5509      2637       640    0.9268    0.8438    0.8767    0.5364   0.04812    0.5042         0
   184/299     1.98G   0.04852    0.4976         0    0.5462      2017       640    0.9253     0.845    0.8766    0.5363   0.04812    0.5042         0
   185/299     1.98G   0.04941    0.5011         0    0.5505      2267       640    0.9253     0.845    0.8765    0.5364   0.04812    0.5042         0
   186/299     1.98G   0.04945    0.5055         0    0.5549      2639       640    0.9257    0.8448    0.8765    0.5364   0.04812    0.5042         0
   187/299     1.98G   0.04936    0.4958         0    0.5451      2246       640    0.9253    0.8451    0.8765    0.5363   0.04812    0.5043         0
   188/299     1.98G   0.04908    0.5062         0    0.5553      2796       640    0.9256    0.8447    0.8766    0.5364   0.04812    0.5043         0
   189/299     1.98G   0.04932    0.5051         0    0.5544      2601       640    0.9257    0.8445    0.8766    0.5364   0.04812    0.5043         0
   190/299     1.98G   0.04895    0.5043         0    0.5532      1937       640     0.926    0.8442    0.8764    0.5363   0.04812    0.5044         0
   191/299     1.98G   0.04908    0.4983         0    0.5473      2469       640    0.9257    0.8445    0.8765    0.5364   0.04812    0.5045         0
   192/299     1.98G   0.04939    0.5032         0    0.5526      1915       640    0.9262    0.8442    0.8765    0.5364   0.04812    0.5044         0
   193/299     1.98G   0.04922    0.5026         0    0.5519      2177       640     0.927    0.8434    0.8765    0.5363   0.04811    0.5045         0
   194/299     1.98G   0.04902    0.5026         0    0.5516      2551       640    0.9253    0.8448    0.8765    0.5363   0.04811    0.5045         0
   195/299     1.98G   0.04882    0.4973         0    0.5461      2384       640    0.9251    0.8451    0.8765    0.5363   0.04812    0.5046         0
   196/299     1.98G   0.04924    0.5064         0    0.5557      2603       640    0.9251    0.8452    0.8764    0.5362   0.04811    0.5045         0
   197/299     1.98G   0.04855    0.5022         0    0.5507      2016       640    0.9255    0.8449    0.8765    0.5362   0.04811    0.5046         0
   198/299     1.98G   0.04952    0.5039         0    0.5534      1916       640    0.9251    0.8452    0.8765    0.5363   0.04811    0.5046         0
   199/299     1.98G   0.04941    0.5033         0    0.5527      2538       640    0.9251    0.8453    0.8766    0.5362   0.04811    0.5046         0
   200/299     1.98G   0.04884    0.4962         0    0.5451      3247       640    0.9237    0.8464    0.8765    0.5363   0.04811    0.5047         0
   201/299     1.98G   0.04895    0.5017         0    0.5507      2263       640    0.9239    0.8461    0.8764    0.5363   0.04811    0.5047         0
   202/299     1.98G   0.04878    0.4957         0    0.5445      2343       640    0.9264    0.8441    0.8764    0.5363   0.04811    0.5048         0
   203/299     1.98G   0.04877    0.5016         0    0.5504      2616       640    0.9258    0.8447    0.8763    0.5362   0.04811    0.5048         0
   204/299     1.98G   0.04888    0.4958         0    0.5446      1746       640    0.9255     0.845    0.8763    0.5363   0.04811    0.5048         0
   205/299     1.98G   0.04904    0.4963         0    0.5453      2764       640    0.9253    0.8452    0.8763    0.5363   0.04811    0.5049         0
   206/299     1.98G   0.04896    0.4936         0    0.5426      2366       640     0.925    0.8452    0.8762    0.5362   0.04811    0.5049         0
   207/299     1.98G   0.04943    0.5015         0    0.5509      2269       640    0.9249    0.8452    0.8763    0.5362   0.04811     0.505         0
   208/299     1.98G   0.04892    0.4971         0     0.546      2719       640    0.9251    0.8453    0.8763    0.5362   0.04811     0.505         0
   209/299     1.98G   0.04847    0.4958         0    0.5443      2087       640    0.9251    0.8452    0.8762    0.5362   0.04811     0.505         0
   210/299     1.98G   0.04892    0.4979         0    0.5468      1938       640    0.9251    0.8452    0.8762    0.5362    0.0481     0.505         0
   211/299     1.98G   0.04869    0.4945         0    0.5432      2451       640    0.9248    0.8454    0.8762    0.5361    0.0481     0.505         0
   212/299     1.98G   0.04901    0.4954         0    0.5444      2700       640    0.9247    0.8454    0.8762    0.5361    0.0481    0.5051         0
   213/299     1.98G   0.04909    0.5011         0    0.5501      2726       640    0.9252    0.8451    0.8762     0.536    0.0481    0.5051         0
   214/299     1.98G   0.04888    0.4962         0    0.5451      2497       640    0.9249    0.8452    0.8762     0.536    0.0481    0.5051         0
